3.40	-0.98
3.40	-0.35
3.40	-0.77
3.41	-0.63
3.41	-1.05
3.41	-1.05
3.42	-0.84
3.42	-0.98
3.43	-0.70
3.43	-0.63
3.43	-0.42
3.44	-0.77
3.44	-0.77
3.44	-1.05
3.45	-0.98
3.45	-1.26
3.46	-0.70
3.46	-0.84
3.46	-0.98
3.47	-0.91
3.47	-0.84
3.47	-0.63
3.48	-0.98
3.48	-0.49
3.48	-0.84
3.49	-0.70
3.49	-0.77
3.50	-0.77
3.50	-0.84
3.50	-0.63
3.51	-0.63
3.51	-0.84
3.51	-0.35
3.52	-1.12
3.52	-0.98
3.52	-0.84
3.53	-0.91
3.53	-0.77
3.54	-0.70
3.54	-0.63
3.54	-0.91
3.55	-0.56
3.55	-0.98
3.55	-0.56
3.56	-1.26
3.56	-0.56
3.56	-0.77
3.57	-0.35
3.57	-0.77
3.58	-0.84
3.58	-0.35
3.58	-0.35
3.59	-0.70
3.59	-1.40
3.59	-0.63
3.60	-0.56
3.60	-0.56
3.60	-0.63
3.61	-0.49
3.61	-0.63
3.62	-0.77
3.62	-0.49
3.62	-1.05
3.63	-0.49
3.63	-0.91
3.63	-0.35
3.64	-1.05
3.64	-0.63
3.64	-0.98
3.65	-0.98
3.65	-0.84
3.66	-0.84
3.66	-0.63
3.66	-1.19
3.67	-0.56
3.67	-0.98
3.67	-0.49
3.68	-0.91
3.68	-0.56
3.68	-0.77
3.69	-0.77
3.69	-0.91
3.70	-1.05
3.70	-0.56
3.70	-1.05
3.71	-0.70
3.71	-0.91
3.71	-0.56
3.72	-1.05
3.72	-0.63
3.73	-1.05
3.73	-0.77
3.73	-0.84
3.74	-1.26
3.74	-0.98
3.74	-0.63
3.75	-0.56
3.75	-0.98
3.75	-0.63
3.76	-0.70
3.76	-0.49
3.77	-0.56
3.77	-0.70
3.77	-0.63
3.78	-1.19
3.78	-0.28
3.78	-0.91
3.79	-0.35
3.79	-0.77
3.79	-0.70
3.80	-0.84
3.80	-0.77
3.81	-0.70
3.81	-0.70
3.81	-0.77
3.82	-1.05
3.82	-0.56
3.82	-0.84
3.83	-0.63
3.83	-1.26
3.83	-0.49
3.84	-0.98
3.84	-0.56
3.85	-0.84
3.85	-0.84
3.85	-0.63
3.86	-0.70
3.86	-1.12
3.86	-1.33
3.87	-1.05
3.87	-0.77
3.87	-0.84
3.88	-0.91
3.88	-0.84
3.89	-0.98
3.89	-0.70
3.89	-0.42
3.90	-0.56
3.90	-0.63
3.90	-0.70
3.91	-0.14
3.91	-0.63
3.91	-1.05
3.92	-0.91
3.92	-0.63
3.93	-0.84
3.93	-0.49
3.93	-0.42
3.94	-0.91
3.94	-0.77
3.94	-0.98
3.95	-0.77
3.95	-0.98
3.95	-0.28
3.96	-0.91
3.96	-0.49
3.97	-0.77
3.97	-1.05
3.97	-0.49
3.98	-0.84
3.98	-0.91
3.98	-1.40
3.99	-0.98
3.99	-1.05
3.99	-1.05
4.00	-1.12
4.00	-0.63
4.01	-0.98
4.01	-0.91
4.01	-0.21
4.02	-0.49
4.02	-0.56
4.02	-1.33
4.03	-0.63
4.03	-0.98
4.04	-0.70
4.04	-0.98
4.04	-0.70
4.05	-0.98
4.05	-1.05
4.05	-0.63
4.06	-0.84
4.06	-0.63
4.06	-0.84
4.07	-0.42
4.07	-0.70
4.08	-0.42
4.08	-1.12
4.08	-0.77
4.09	-0.98
4.09	-1.05
4.09	-0.56
4.10	-0.91
4.10	-0.49
4.10	-0.98
4.11	-0.77
4.11	-0.98
4.12	-0.70
4.12	-0.91
4.12	-1.12
4.13	-1.05
4.13	-0.91
4.13	-0.42
4.14	-0.91
4.14	-0.42
4.14	-0.77
4.15	-0.49
4.15	-0.84
4.16	-0.42
4.16	-0.77
4.16	-0.63
4.17	-0.98
4.17	-0.70
4.17	-0.63
4.18	-1.19
4.18	-0.35
4.18	-0.70
4.19	-0.49
4.19	-0.49
4.20	-0.49
4.20	-0.98
4.20	-0.77
4.21	-0.63
4.21	-0.84
4.21	-0.70
4.22	-1.05
4.22	-0.70
4.22	-1.12
4.23	-0.63
4.23	-1.05
4.24	-0.84
4.24	-1.05
4.24	-0.56
4.25	-0.56
4.25	-0.77
4.25	-0.63
4.26	-1.47
4.26	-0.49
4.26	-0.84
4.27	-0.84
4.27	-0.98
4.28	-0.63
4.28	-0.98
4.28	-0.77
4.29	-0.63
4.29	-1.33
4.29	-0.49
4.30	-1.26
4.30	-1.05
4.30	-0.77
4.31	-0.84
4.31	-0.63
4.32	-1.05
4.32	-0.77
4.32	-0.63
4.33	-0.42
4.33	-1.05
4.33	-0.77
4.34	-0.77
4.34	-0.70
4.35	-0.84
4.35	-0.56
4.35	-0.91
4.36	-0.56
4.36	-1.05
4.36	-0.77
4.37	-0.49
4.37	-1.05
4.37	-0.77
4.38	-1.40
4.38	-0.42
4.39	-1.05
4.39	-0.49
4.39	-0.56
4.40	-0.77
4.40	-1.19
4.40	-0.70
4.41	-0.56
4.41	-0.77
4.41	-0.77
4.42	-0.98
4.42	-0.70
4.43	-0.63
4.43	-0.63
4.43	-0.91
4.44	-0.84
4.44	-0.91
4.44	-0.70
4.45	-0.63
4.45	-0.84
4.45	-0.63
4.46	-0.84
4.46	-0.49
4.47	-0.91
4.47	-0.49
4.47	-0.84
4.48	-0.63
4.48	-0.98
4.48	-0.91
4.49	-0.63
4.49	-0.84
4.49	-0.91
4.50	-0.91
4.50	-0.70
4.51	-1.26
4.51	-0.98
4.51	-0.98
4.52	-0.77
4.52	-0.84
4.52	-0.77
4.53	-0.56
4.53	-0.77
4.53	-0.49
4.54	-0.91
4.54	-0.77
4.55	-1.19
4.55	-0.70
4.55	-0.63
4.56	-0.77
4.56	-1.05
4.56	-1.26
4.57	-0.84
4.57	-0.98
4.57	-0.77
4.58	-0.70
4.58	-0.70
4.59	-1.12
4.59	-0.49
4.59	-0.70
4.60	-1.12
4.60	-1.12
4.60	-0.70
4.61	-0.49
4.61	-0.56
4.61	-0.84
4.62	-0.98
4.62	-0.70
4.63	-0.91
4.63	-0.77
4.63	-0.91
4.64	-0.70
4.64	-0.21
4.64	-0.84
4.65	-0.77
4.65	-0.77
4.66	-0.49
4.66	-0.63
4.66	-0.49
4.67	-0.63
4.67	-0.77
4.67	-0.56
4.68	-0.77
4.68	-0.56
4.68	-1.19
4.69	-0.70
4.69	-0.77
4.70	-0.49
4.70	-0.56
4.70	-0.84
4.71	-0.98
4.71	-1.05
4.71	-0.91
4.72	-0.84
4.72	-0.28
4.72	-0.70
4.73	-0.28
4.73	-0.91
4.74	-0.42
4.74	-1.05
4.74	-0.91
4.75	-1.12
4.75	-0.77
4.75	-0.84
4.76	-0.63
4.76	-0.63
4.76	-0.77
4.77	-0.49
4.77	-0.70
4.78	-0.42
4.78	-0.84
4.78	-0.42
4.79	-0.63
4.79	-0.56
4.79	-0.49
4.80	-0.63
4.80	-0.35
4.80	-0.70
4.81	-0.49
4.81	-1.19
4.82	-0.56
4.82	-0.84
4.82	-0.84
4.83	-0.63
4.83	-0.84
4.83	-1.05
4.84	-0.56
4.84	-0.49
4.84	-0.56
4.85	-0.49
4.85	-0.77
4.86	-0.49
4.86	-0.84
4.86	-0.35
4.87	-0.91
4.87	-0.84
4.87	-0.63
4.88	-0.98
4.88	-0.35
4.88	-0.63
4.89	-0.14
4.89	-0.63
4.90	-0.42
4.90	-0.42
4.90	-0.77
4.91	-0.56
4.91	-0.70
4.91	-0.77
4.92	-1.05
4.92	-0.63
4.92	-0.56
4.93	-0.56
4.93	-0.56
4.94	-0.63
4.94	-1.12
4.94	-0.70
4.95	-0.91
4.95	-0.91
4.95	-0.77
4.96	-1.05
4.96	-0.84
4.97	-0.91
4.97	-0.49
4.97	-0.98
4.98	-0.84
4.98	-1.19
4.98	-0.70
4.99	-0.91
4.99	-0.56
4.99	-0.98
5.00	-0.56
5.00	-0.49
5.01	-1.05
5.01	-0.63
5.01	-0.77
5.02	-0.63
5.02	-1.12
5.02	-0.63
5.03	-0.91
5.03	-0.77
5.03	-0.77
5.04	-1.12
5.04	-0.49
5.05	-0.84
5.05	-0.56
5.05	-0.91
5.06	-0.49
5.06	-1.19
5.06	-0.63
5.07	-0.70
5.07	-0.91
5.07	-1.26
5.08	-1.12
5.08	-0.56
5.09	-0.98
5.09	-0.70
5.09	-1.05
5.10	-0.56
5.10	-1.26
5.10	-0.98
5.11	-0.77
5.11	-0.98
5.11	-0.63
5.12	-0.84
5.12	-0.56
5.13	-0.70
5.13	-0.07
5.13	0.07
5.14	0.14
5.14	-0.35
5.14	0.07
5.15	0.00
5.15	0.63
5.15	1.12
5.16	1.82
5.16	2.31
5.17	-0.70
5.17	-3.50
5.17	-3.92
5.18	-3.64
5.18	-4.48
5.18	-5.18
5.19	-8.19
5.19	-7.00
5.19	16.94
5.20	4.20
5.20	1.40
5.21	-0.56
5.21	0.07
5.21	0.00
5.22	-1.68
5.22	-3.29
5.22	-2.94
5.23	-2.31
5.23	-0.98
5.23	-0.21
5.24	-0.49
5.24	-0.98
5.25	-0.84
5.25	-0.98
5.25	-0.98
5.26	-0.91
5.26	-1.12
5.26	-0.56
5.27	-0.77
5.27	-0.84
5.27	-1.05
5.28	-1.05
5.28	-0.42
5.29	-0.84
5.29	-0.63
5.29	-0.77
5.30	-0.77
5.30	-1.68
5.30	-2.94
5.31	-2.66
5.31	-2.38
5.31	-2.24
5.32	-2.03
5.32	-1.47
5.33	-1.75
5.33	-1.19
5.33	-0.98
5.34	-0.14
5.34	-0.49
5.34	0.00
5.35	-0.14
5.35	-0.35
5.36	-0.07
5.36	-0.49
5.36	-0.21
5.37	-0.63
5.37	0.00
5.37	-0.28
5.38	0.07
5.38	-0.35
5.38	0.14
5.39	-0.14
5.39	-0.07
5.40	-0.35
5.40	-0.91
5.40	-1.05
5.41	-1.05
5.41	-1.47
5.41	-1.61
5.42	-1.68
5.42	-1.40
5.42	-1.68
5.43	-1.05
5.43	-1.47
5.44	-0.98
5.44	-1.54
5.44	-1.54
5.45	-2.10
5.45	-2.45
5.45	-2.94
5.46	-1.61
5.46	-0.63
5.46	-0.42
5.47	-0.56
5.47	-0.63
5.48	-0.49
5.48	-0.91
5.48	-0.98
5.49	-1.47
5.49	-1.12
5.49	-0.63
5.50	-0.14
5.50	-0.49
5.50	-0.42
5.51	-0.35
5.51	-0.42
5.52	-0.35
5.52	-0.77
5.52	-0.56
5.53	-0.77
5.53	-0.77
5.53	-0.91
5.54	-0.42
5.54	-0.56
5.54	-0.56
5.55	-0.63
5.55	-1.05
5.56	-0.70
5.56	-0.70
5.56	-0.56
5.57	-1.05
5.57	-0.63
5.57	-1.05
5.58	-0.56
5.58	-0.84
5.58	-1.12
5.59	-0.84
5.59	-0.56
5.60	-0.70
5.60	-0.70
5.60	-0.56
5.61	-0.91
5.61	-0.70
5.61	-0.77
5.62	-0.49
5.62	-0.42
5.62	-0.56
5.63	-0.70
5.63	-1.33
5.64	-0.63
5.64	-0.77
5.64	-0.28
5.65	-0.77
5.65	-0.49
5.65	-0.77
5.66	-0.70
5.66	-0.63
5.67	-0.70
5.67	-0.63
5.67	-0.91
5.68	-1.12
5.68	-0.98
5.68	-0.35
5.69	-0.84
5.69	-0.56
5.69	-0.70
5.70	-0.56
5.70	-0.98
5.71	-0.77
5.71	-0.35
5.71	-0.91
5.72	-0.49
5.72	-0.77
5.72	-1.33
5.73	-1.05
5.73	-0.56
5.73	-0.56
5.74	-0.42
5.74	-0.98
5.75	-0.63
5.75	-0.42
5.75	-0.77
5.76	-0.77
5.76	-0.84
5.76	-0.49
5.77	-1.05
5.77	-0.49
5.77	-0.91
5.78	-0.91
5.78	-1.12
5.79	-1.12
5.79	-0.56
5.79	-0.77
5.80	-0.56
5.80	-0.98
5.80	-0.49
5.81	-0.84
5.81	-0.42
5.81	-0.98
5.82	-0.70
5.82	-1.12
5.83	-0.77
5.83	-0.70
5.83	-0.91
5.84	-0.56
5.84	-0.91
5.84	-0.63
5.85	-0.77
5.85	-0.84
5.85	-0.63
5.86	-0.91
5.86	-0.42
5.87	-1.12
5.87	-0.49
5.87	-0.70
5.88	-0.63
5.88	-1.19
5.88	-0.70
5.89	-0.77
5.89	-0.91
5.89	-1.12
5.90	-0.98
5.90	-1.19
5.91	-0.98
5.91	-0.70
5.91	-0.98
5.92	-0.70
5.92	-1.05
5.92	-0.63
5.93	-0.70
5.93	-0.56
5.93	-0.63
5.94	-0.84
5.94	-1.12
5.95	-0.49
5.95	-1.12
5.95	-0.84
5.96	-0.35
5.96	-1.05
5.96	-0.84
5.97	-0.98
5.97	-1.05
5.98	-0.77
5.98	-0.91
5.98	-1.05
5.99	-0.84
5.99	-0.56
5.99	-1.05
6.00	-0.56
6.00	-1.12
6.00	-0.56
6.01	-0.77
6.01	-0.70
6.02	-1.12
6.02	-0.70
6.02	-0.77
6.03	-0.77
6.03	-0.70
6.03	-0.63
6.04	-0.56
6.04	-0.98
6.04	-0.70
6.05	-1.12
6.05	-0.63
6.06	-1.05
6.06	-0.63
6.06	-0.70
6.07	-0.49
6.07	-0.49
6.07	-0.91
6.08	-0.70
6.08	-0.98
6.08	-0.42
6.09	-0.91
6.09	-0.63
6.10	-0.63
6.10	-0.77
6.10	-0.84
6.11	-0.77
6.11	-0.56
6.11	-0.70
6.12	-0.49
6.12	-0.84
6.12	-0.77
6.13	-0.84
6.13	-0.49
6.14	-0.98
6.14	-0.84
6.14	-1.26
6.15	-0.98
6.15	-0.70
6.15	-0.84
6.16	-0.77
6.16	-0.98
6.16	-0.35
6.17	-0.91
6.17	-0.56
6.18	-1.19
6.18	-1.05
6.18	-0.77
6.19	-0.70
6.19	-0.70
6.19	-0.84
6.20	-0.56
6.20	-0.98
6.20	-0.49
6.21	-0.56
6.21	-0.56
6.22	-0.42
6.22	-0.77
6.22	-0.70
6.23	-0.91
6.23	-0.77
6.23	-1.26
6.24	-0.21
6.24	-0.49
6.24	-0.49
6.25	-0.84
6.25	-0.70
6.26	-0.98
6.26	-0.63
6.26	-0.56
6.27	-0.70
6.27	-0.56
6.27	-0.84
6.28	-0.56
6.28	-0.77
6.28	-0.35
6.29	-1.05
6.29	-0.56
6.30	-0.63
6.30	-1.05
6.30	-0.84
6.31	-0.84
6.31	-0.35
6.31	-0.63
6.32	-0.56
6.32	-0.84
6.32	-0.63
6.33	-0.91
6.33	-0.35
6.34	-0.84
6.34	-1.12
6.34	-0.63
6.35	-0.77
6.35	-0.91
6.35	-0.56
6.36	-0.35
6.36	-1.12
6.37	-0.35
6.37	-0.70
6.37	-0.84
6.38	-0.91
6.38	-0.77
6.38	-0.35
6.39	-0.84
6.39	-0.70
6.39	-0.98
6.40	-0.98
6.40	-0.70
6.41	-0.49
6.41	-0.56
6.41	-0.84
6.42	-0.70
6.42	-1.05
6.42	-0.77
6.43	-1.47
6.43	-0.49
6.43	-0.84
6.44	-1.05
6.44	-0.84
6.45	-0.49
6.45	-1.19
6.45	-1.05
6.46	-1.12
6.46	-0.77
6.46	-0.49
6.47	-0.91
6.47	-0.63
6.47	-1.05
6.48	-0.28
6.48	-1.19
6.49	-0.63
6.49	-1.19
6.49	-0.91
6.50	-0.77
6.50	-0.91
6.50	-0.77
6.51	-0.70
6.51	-0.56
6.51	-0.70
6.52	-0.42
6.52	-0.49
6.53	-0.35
6.53	-0.84
6.53	-0.98
6.54	-0.77
6.54	-0.63
6.54	-0.49
6.55	-0.70
6.55	-0.56
6.55	-1.12
6.56	-0.84
6.56	-0.98
6.57	-0.77
6.57	-1.05
6.57	-1.12
6.58	-0.49
6.58	-0.77
6.58	-0.70
6.59	-0.98
6.59	-0.84
6.59	-1.19
6.60	-0.35
6.60	-0.70
6.61	-0.21
6.61	-0.63
6.61	-0.91
6.62	-0.42
6.62	-0.77
6.62	-0.56
6.63	-0.98
6.63	-0.63
6.64	-0.77
6.64	-0.84
6.64	-1.19
6.65	-0.77
6.65	-0.98
6.65	-0.98
6.66	-0.56
6.66	-0.56
6.66	-0.84
6.67	-0.91
6.67	-0.63
6.68	-0.91
6.68	-0.63
6.68	-0.91
6.69	-0.77
6.69	-1.05
6.69	-1.05
6.70	-0.77
6.70	-1.12
6.70	-0.42
6.71	-1.05
6.71	-0.70
6.72	-0.91
6.72	-0.70
6.72	-0.91
6.73	-1.05
6.73	-0.91
6.73	-1.19
6.74	-0.42
6.74	-0.77
6.74	-0.56
6.75	-0.63
6.75	-0.42
6.76	-0.49
6.76	-0.70
6.76	-0.98
6.77	-0.84
6.77	-1.19
6.77	-0.77
6.78	-0.70
6.78	-0.70
6.78	-1.05
6.79	-1.33
6.79	-0.56
6.80	-0.91
6.80	-0.91
6.80	-0.70
6.81	-0.56
6.81	-0.84
6.81	-0.84
6.82	-0.49
6.82	-1.05
6.82	-0.56
6.83	-0.91
6.83	-0.56
6.84	-0.84
6.84	-0.49
6.84	-0.91
6.85	-1.54
6.85	-0.98
6.85	-0.91
6.86	-0.63
6.86	-0.91
6.86	-0.56
6.87	-0.91
6.87	-0.77
6.88	-0.70
6.88	-0.35
6.88	-0.77
6.89	-0.84
6.89	-0.56
6.89	-0.56
6.90	-0.35
6.90	-0.77
6.91	-0.56
6.91	-0.84
6.91	-0.56
6.92	-0.70
6.92	-0.35
6.92	-0.77
6.93	-0.77
6.93	-0.63
6.93	-0.70
6.94	-0.49
6.94	-1.19
6.95	-0.91
6.95	-1.19
6.95	-0.70
6.96	-1.05
6.96	-0.56
6.96	-0.70
6.97	-1.05
6.97	-1.33
6.97	-0.77
6.98	0.07
6.98	-0.77
6.99	-0.70
6.99	-0.91
6.99	-0.63
7.00	-0.91
7.00	-0.49
7.00	-0.77
7.01	-0.77
7.01	-0.56
7.01	-0.77
7.02	-0.42
7.02	-0.98
7.03	-0.56
7.03	-0.77
7.03	-0.63
7.04	-1.12
7.04	-0.28
7.04	-0.63
7.05	-0.70
7.05	-0.14
7.05	-0.42
7.06	-0.77
7.06	-0.70
7.07	-0.42
7.07	-0.70
7.07	-0.56
7.08	-0.70
7.08	-0.42
7.08	-0.84
7.09	-0.77
7.09	-0.56
7.09	-0.35
7.10	-0.21
7.10	-0.49
7.11	-0.42
7.11	-0.42
7.11	-0.35
7.12	-0.70
7.12	-0.21
7.12	-0.49
7.13	-0.21
7.13	-0.42
7.13	-0.56
7.14	-0.28
7.14	-0.56
7.15	-0.56
7.15	-0.77
7.15	-0.49
7.16	-0.49
7.16	-0.42
7.16	-0.56
7.17	-0.56
7.17	-0.21
7.17	-0.56
7.18	-0.56
7.18	-0.91
7.19	-0.42
7.19	-0.70
7.19	-0.77
7.20	-0.42
7.20	-0.70
7.20	-0.70
7.21	-0.63
7.21	-0.49
7.21	-0.56
7.22	-0.77
7.22	-0.84
7.23	-0.56
7.23	-0.56
7.23	-0.56
7.24	-1.05
7.24	-0.77
7.24	-0.70
7.25	-0.98
7.25	-0.63
7.26	-0.70
7.26	-1.05
7.26	-0.84
7.27	-0.84
7.27	-0.91
7.27	-0.42
7.28	-0.49
7.28	-0.77
7.28	-0.77
7.29	-0.91
7.29	-0.35
7.30	-0.77
7.30	-0.42
7.30	-0.91
7.31	-0.84
7.31	-1.12
7.31	-0.49
7.32	-0.91
7.32	-0.84
7.32	-0.84
7.33	-0.77
7.33	-0.63
7.34	-0.56
7.34	-0.35
7.34	-0.98
7.35	-0.70
7.35	-0.84
7.35	-0.56
7.36	-0.84
7.36	-0.77
7.36	-0.77
7.37	-0.77
7.37	-0.35
7.38	-0.98
7.38	-0.84
7.38	-0.98
7.39	-1.40
7.39	-0.91
7.39	-0.63
7.40	-0.70
7.40	-1.05
7.40	-1.12
7.41	-1.12
7.41	-0.42
7.42	-0.77
7.42	-0.35
7.42	-1.12
7.43	-0.56
7.43	-0.91
7.43	-0.70
7.44	-0.84
7.44	-0.70
7.44	-0.56
7.45	-0.77
7.45	-0.63
7.46	-0.98
7.46	-0.63
7.46	-1.26
7.47	-0.70
7.47	-0.98
7.47	-0.49
7.48	-1.05
7.48	-0.91
7.48	-0.98
7.49	-0.84
7.49	-0.56
7.50	-1.19
7.50	-0.49
7.50	-0.98
7.51	-0.56
7.51	-0.56
7.51	-0.63
7.52	-0.77
7.52	-0.63
7.52	-0.35
7.53	-0.84
7.53	-0.70
7.54	-0.98
7.54	-1.75
7.54	-1.54
7.55	-1.54
7.55	-1.33
7.55	-2.10
7.56	-0.84
7.56	-0.70
7.57	-0.49
7.57	-0.49
7.57	-0.28
7.58	-0.77
7.58	-0.49
7.58	-0.63
7.59	-0.56
7.59	-0.70
7.59	-0.77
7.60	-0.70
7.60	-1.12
7.61	-0.70
7.61	-0.84
7.61	-0.98
7.62	-1.19
7.62	-0.98
7.62	-1.54
7.63	-0.84
7.63	-0.84
7.63	-0.77
7.64	-0.84
7.64	-0.84
7.65	-0.28
7.65	-1.33
7.65	-0.98
7.66	-1.05
7.66	-0.42
7.66	-0.91
7.67	-0.70
7.67	-1.12
7.67	-1.05
7.68	-1.19
7.68	-1.40
7.69	-0.77
7.69	-0.84
7.69	-0.14
7.70	-0.49
7.70	0.14
7.70	-0.21
7.71	0.14
7.71	-0.28
7.71	-0.56
7.72	-0.70
7.72	-1.19
7.73	-0.70
7.73	-1.12
7.73	-0.63
7.74	-1.05
7.74	-0.49
7.74	-0.84
7.75	-0.42
7.75	-0.63
7.75	-0.49
7.76	17.57
7.76	-0.21
7.77	-0.42
7.77	-0.70
7.77	-0.21
7.78	-0.56
7.78	-0.77
7.78	-1.19
7.79	-1.12
7.79	-1.33
7.79	-1.47
7.80	-1.54
7.80	-1.61
7.81	-1.75
7.81	-2.80
7.81	-2.31
7.82	-3.64
7.82	-2.31
7.82	-1.12
7.83	-0.70
7.83	-1.47
7.84	-1.26
7.84	-1.05
7.84	-1.33
7.85	-1.68
7.85	-1.82
7.85	-1.05
7.86	-0.63
7.86	-0.35
7.86	-0.49
7.87	-17.78
7.87	-0.35
7.88	0.49
7.88	-0.14
7.88	-2.10
7.89	-2.17
7.89	-1.54
7.89	-1.26
7.90	-1.47
7.90	-1.68
7.90	-1.33
7.91	-1.26
7.91	-1.68
7.92	-1.05
7.92	-1.12
7.92	-1.47
7.93	-0.63
7.93	-0.63
7.93	0.00
7.94	-0.14
7.94	0.07
7.94	-0.07
7.95	0.21
7.95	0.14
7.96	0.35
7.96	0.77
7.96	0.63
7.97	0.98
7.97	0.56
7.97	0.70
7.98	0.63
7.98	1.05
7.98	1.12
7.99	1.89
7.99	2.17
8.00	1.96
8.00	1.54
8.00	0.98
8.01	1.05
8.01	1.05
8.01	1.19
8.02	0.77
8.02	1.33
8.02	0.84
8.03	0.98
8.03	0.49
8.04	0.00
8.04	-2.38
8.04	-3.01
8.05	0.21
8.05	0.91
8.05	0.84
8.06	-0.42
8.06	-0.28
8.06	-0.98
8.07	-0.91
8.07	-1.54
8.08	-1.40
8.08	-1.12
8.08	-0.91
8.09	-0.49
8.09	-0.49
8.09	-0.35
8.10	-1.05
8.10	-0.63
8.10	-0.84
8.11	-0.77
8.11	-0.63
8.12	-0.49
8.12	-0.35
8.12	-0.42
8.13	0.14
8.13	-0.28
8.13	-0.14
8.14	-0.14
8.14	0.14
8.14	0.07
8.15	0.49
8.15	0.35
8.16	0.84
8.16	1.26
8.16	2.03
8.17	1.96
8.17	2.24
8.17	1.96
8.18	1.47
8.18	1.19
8.18	0.00
8.19	-0.21
8.19	-1.26
8.20	-0.98
8.20	-1.33
8.20	-1.47
8.21	-1.12
8.21	-1.19
8.21	-0.63
8.22	-0.63
8.22	-0.77
8.22	-0.49
8.23	-0.28
8.23	-0.70
8.24	-0.77
8.24	-0.77
8.24	-1.33
8.25	-1.33
8.25	-1.19
8.25	-0.91
8.26	-1.19
8.26	-1.19
8.26	-1.40
8.27	-1.12
8.27	-1.54
8.28	-1.82
8.28	-1.75
8.28	-3.01
8.29	-2.94
8.29	-3.22
8.29	-3.22
8.30	-4.20
8.30	-4.34
8.30	-5.32
8.31	-4.97
8.31	-5.11
8.32	-4.83
8.32	-4.90
8.32	-4.97
8.33	-3.08
8.33	-1.33
8.33	-0.49
8.34	-0.49
8.34	-0.49
8.35	-0.77
8.35	-0.35
8.35	-0.28
8.36	-0.14
8.36	-0.07
8.36	-0.14
8.37	0.21
8.37	1.47
8.37	2.80
8.38	2.73
8.38	1.33
8.39	0.21
8.39	-0.56
8.39	-0.77
8.40	0.35
8.40	0.98
8.40	-17.71
8.41	-2.80
8.41	-5.25
8.41	-6.51
8.42	-5.04
8.42	-2.17
8.43	-2.80
8.43	-2.87
8.43	-2.31
8.44	-2.17
8.44	-1.61
8.44	-4.06
8.45	-5.32
8.45	-6.09
8.45	-6.37
8.46	-7.98
8.46	-7.77
8.47	-8.61
8.47	-7.00
8.47	-4.69
8.48	-1.75
8.48	-3.36
8.48	-5.53
8.49	-6.44
8.49	-6.30
8.49	-4.55
8.50	-3.99
8.50	-3.50
8.51	-3.43
8.51	-3.64
8.51	-3.85
8.52	-4.13
8.52	-3.29
8.52	-1.75
8.53	-0.84
8.53	-0.56
8.53	0.00
8.54	0.14
8.54	0.42
8.55	0.00
8.55	0.49
8.55	0.35
8.56	-0.21
8.56	0.35
8.56	-0.35
8.57	0.07
8.57	-0.07
8.57	0.21
8.58	-0.07
8.58	0.70
8.59	1.19
8.59	3.64
8.59	4.13
8.60	3.36
8.60	3.36
8.60	3.57
8.61	3.85
8.61	4.06
8.61	4.62
8.62	4.69
8.62	5.25
8.63	5.11
8.63	5.25
8.63	5.32
8.64	4.62
8.64	3.71
8.64	1.75
8.65	0.91
8.65	-2.17
8.65	-2.87
8.66	-2.94
8.66	-3.15
8.67	-4.90
8.67	-7.42
8.67	-8.89
8.68	-10.15
8.68	-9.66
8.68	-9.03
8.69	-8.40
8.69	-5.67
8.69	-1.19
8.70	1.68
8.70	3.64
8.71	3.71
8.71	1.47
8.71	0.35
8.72	-0.56
8.72	-0.91
8.72	-1.82
8.73	-1.12
8.73	-0.70
8.74	-0.14
8.74	-0.84
8.74	-1.05
8.75	-1.19
8.75	-0.56
8.75	-0.56
8.76	-0.91
8.76	-0.63
8.76	-1.12
8.77	-0.77
8.77	-1.05
8.78	-0.56
8.78	-0.77
8.78	-0.70
8.79	-0.98
8.79	-1.05
8.79	-0.84
8.80	-0.91
8.80	-0.84
8.80	-0.84
8.81	-0.63
8.81	-0.70
8.82	-0.49
8.82	-0.42
8.82	-0.49
8.83	-0.84
8.83	-0.84
8.83	-0.70
8.84	-0.77
8.84	-0.56
8.84	-1.12
8.85	-0.49
8.85	-0.91
8.86	-0.98
8.86	-0.84
8.86	-0.49
8.87	-0.84
8.87	-0.84
8.87	-0.49
8.88	-0.91
8.88	-0.35
8.88	-0.98
8.89	-0.91
8.89	-0.98
8.90	-0.49
8.90	-0.84
8.90	-1.12
8.91	-0.77
8.91	-0.98
8.91	-0.91
8.92	-0.84
8.92	-0.56
8.92	-1.05
8.93	-0.70
8.93	-1.05
8.94	-0.63
8.94	-0.91
8.94	-1.05
8.95	-0.91
8.95	-0.84
8.95	-0.70
8.96	-0.77
8.96	-0.49
8.96	-0.98
8.97	-0.84
8.97	-0.98
8.98	-0.14
8.98	-0.63
8.98	-0.56
8.99	-0.63
8.99	-0.98
8.99	-0.63
9.00	-0.63
9.00	-0.49
9.00	-0.91
9.01	-0.63
9.01	-0.98
9.02	-0.42
9.02	-0.77
9.02	-0.70
9.03	-0.77
9.03	-0.70
9.03	-0.98
9.04	-1.12
9.04	-0.77
9.04	-0.77
9.05	-0.70
9.05	-0.91
9.06	-0.63
9.06	-1.05
9.06	-1.12
9.07	-0.98
9.07	-0.98
9.07	-0.56
9.08	-1.12
9.08	-0.84
9.08	-0.84
9.09	-0.42
9.09	-0.91
9.10	-0.56
9.10	-0.84
9.10	-0.84
9.11	-0.91
9.11	-1.05
9.11	-0.63
9.12	-0.84
9.12	-0.56
9.13	-0.77
9.13	-0.77
9.13	-0.98
9.14	-0.42
9.14	-0.91
9.14	-0.84
9.15	-0.70
9.15	-0.98
9.15	-1.05
9.16	-0.56
9.16	-0.63
9.17	-0.98
9.17	-0.70
9.17	-0.98
9.18	-0.70
9.18	-0.84
9.18	-0.70
9.19	-0.49
9.19	-0.70
9.19	-0.49
9.20	-1.05
9.20	-0.70
9.21	-1.12
9.21	-0.49
9.21	-0.63
9.22	-0.77
9.22	-1.19
9.22	-1.05
9.23	-1.12
9.23	-0.77
9.23	-0.56
9.24	-0.98
9.24	-0.49
9.25	-1.19
9.25	-0.49
9.25	-0.56
9.26	-0.63
9.26	-0.84
9.26	-0.77
9.27	-0.63
9.27	-1.05
9.27	-0.63
9.28	-0.70
9.28	-0.49
9.29	-1.05
9.29	-0.42
9.29	-0.35
9.30	-0.49
9.30	-0.84
9.30	-0.70
9.31	-0.21
9.31	-0.70
9.31	-0.70
9.32	-0.98
9.32	-0.77
9.33	-1.05
9.33	-0.70
9.33	-1.19
9.34	-0.63
9.34	-0.77
9.34	-0.91
9.35	-0.42
9.35	-0.91
9.35	-0.70
9.36	-0.77
9.36	-0.63
9.37	-0.91
9.37	-0.91
9.37	-0.77
9.38	-0.63
9.38	-0.91
9.38	-0.70
9.39	-0.42
9.39	-0.77
9.39	-0.77
9.40	-0.63
9.40	-0.84
9.41	-1.26
9.41	-0.98
9.41	-0.77
9.42	-1.19
9.42	-0.84
9.42	-0.91
9.43	-0.42
9.43	-0.77
9.44	-0.70
9.44	-0.63
9.44	-0.49
9.45	-1.19
9.45	-0.28
9.45	-0.77
9.46	-0.42
9.46	-1.12
9.46	-0.77
9.47	0.42
9.47	-1.89
9.48	-17.29
9.48	-65.45
9.48	-119.21
9.49	-154.70
9.49	-166.60
9.49	-182.91
9.50	-192.85
9.50	-202.86
9.51	-214.55
9.51	-223.37
9.51	-231.28
9.52	-233.03
9.52	-238.28
9.52	-245.56
9.53	-248.78
9.53	-246.96
9.53	-252.77
9.54	-262.29
9.54	-262.85
9.55	-263.20
9.55	-270.55
9.55	-271.46
9.56	-269.15
9.56	-274.12
9.56	-278.11
9.57	-275.45
9.57	-273.35
9.58	-274.19
9.58	-276.85
9.58	-274.26
9.59	-278.18
9.59	-278.11
9.59	-275.24
9.60	-279.79
9.60	-282.66
9.61	-281.75
9.61	-279.65
9.61	-276.15
9.62	-275.87
9.62	-278.60
9.62	-281.47
9.63	-282.31
9.63	-282.59
9.64	-284.76
9.64	-285.74
9.64	-286.16
9.65	-280.42
9.65	-281.26
9.65	-285.88
9.66	-286.72
9.66	-286.86
9.67	-287.14
9.67	-287.28
9.67	-288.89
9.68	-288.82
9.68	-290.43
9.68	-290.29
9.69	-290.01
9.69	-290.99
9.70	-293.51
9.70	-295.05
9.70	-297.99
9.71	-297.36
9.71	-298.41
9.71	-302.47
9.72	-304.08
9.72	-297.08
9.73	-292.04
9.73	-295.19
9.73	-301.07
9.74	-303.52
9.74	-310.10
9.74	-316.33
9.75	-315.91
9.75	-322.28
9.76	-320.25
9.76	-305.06
9.76	-303.87
9.77	-305.48
9.77	-305.90
9.77	-309.40
9.78	-315.21
9.78	-323.19
9.79	-328.65
9.79	-330.05
9.79	-329.56
9.80	-322.07
9.80	-318.92
9.80	-318.64
9.81	-312.83
9.81	-313.18
9.82	-320.88
9.82	-322.14
9.82	-324.59
9.83	-326.90
9.83	-320.81
9.83	-317.87
9.84	-313.88
9.84	-315.91
9.85	-311.01
9.85	-313.95
9.85	-317.52
9.86	-317.31
9.86	-319.83
9.86	-322.49
9.87	-315.77
9.87	-314.86
9.87	-308.07
9.88	-305.27
9.88	-306.25
9.89	-306.60
9.89	-308.84
9.89	-313.60
9.90	-312.62
9.90	-314.72
9.90	-307.02
9.91	-301.49
9.91	-300.23
9.92	-301.70
9.92	-306.88
9.92	-310.66
9.93	-308.00
9.93	-303.66
9.93	-299.39
9.94	-293.79
9.94	-291.34
9.95	-294.42
9.95	-291.41
9.95	-295.40
9.96	-304.57
9.96	-302.19
9.96	-298.90
9.97	-298.97
9.97	-292.04
9.98	-287.42
9.98	-291.27
9.98	-288.61
9.99	-290.01
9.99	-300.09
9.99	-306.11
10.00	-310.17
10.00	-312.76
10.01	-308.98
10.01	-305.76
10.01	-307.09
10.02	-307.09
10.02	-305.41
10.02	-310.45
10.03	-315.49
10.03	-319.90
10.04	-324.24
10.04	-321.44
10.04	-304.50
10.05	-299.46
10.05	-299.11
10.05	-303.03
10.06	-305.06
10.06	-312.20
10.07	-319.06
10.07	-319.62
10.07	-319.27
10.08	-308.07
10.08	-298.13
10.08	-296.73
10.09	-301.07
10.09	-302.05
10.10	-305.41
10.10	-311.29
10.10	-314.79
10.11	-320.74
10.11	-314.58
10.12	-306.25
10.12	-299.04
10.12	-302.54
10.13	-308.56
10.13	-313.11
10.13	-318.64
10.14	-323.61
10.14	-323.19
10.15	-323.26
10.15	-319.13
10.15	-311.15
10.16	-310.73
10.16	-313.53
10.16	-314.65
10.17	-319.97
10.17	-320.95
10.18	-322.14
10.18	-323.05
10.18	-323.68
10.19	-323.40
10.19	-314.37
10.19	-316.19
10.20	-316.54
10.20	-314.79
10.21	-315.77
10.21	-316.61
10.21	-315.84
10.22	-316.33
10.22	-311.57
10.22	-306.74
10.23	-301.42
10.23	-300.93
10.24	-300.37
10.24	-295.19
10.24	-297.22
10.25	-295.54
10.25	-290.36
10.25	-293.30
10.26	-291.76
10.26	-288.61
10.27	-286.72
10.27	-283.22
10.27	-283.64
10.28	-284.90
10.28	-285.88
10.29	-288.82
10.29	-286.72
10.29	-284.83
10.30	-283.29
10.30	-283.29
10.30	-278.74
10.31	-279.86
10.31	-278.88
10.32	-282.38
10.32	-287.49
10.32	-287.98
10.33	-286.16
10.33	-286.30
10.33	-269.08
10.34	-281.40
10.34	-283.50
10.35	-282.66
10.35	-281.75
10.35	-288.89
10.36	-293.02
10.36	-291.13
10.36	-290.71
10.37	-294.63
10.37	-291.34
10.38	-292.74
10.38	-290.78
10.38	-283.50
10.39	-286.44
10.39	-291.20
10.39	-292.11
10.40	-293.37
10.40	-297.43
10.41	-296.17
10.41	-291.83
10.41	-293.02
10.42	-288.26
10.42	-287.49
10.42	-291.90
10.43	-293.93
10.43	-292.74
10.44	-298.48
10.44	-300.58
10.44	-301.56
10.45	-303.52
10.45	-297.99
10.45	-293.51
10.46	-296.24
10.46	-295.61
10.47	-297.64
10.47	-303.31
10.47	-306.25
10.48	-313.04
10.48	-320.04
10.49	-316.19
10.49	-319.13
10.49	-319.48
10.50	-320.18
10.50	-319.13
10.50	-320.95
10.51	-324.17
10.51	-324.10
10.52	-318.36
10.52	-322.14
10.52	-318.50
10.53	-323.40
10.53	-325.50
10.53	-322.49
10.54	-319.13
10.54	-318.50
10.55	-313.81
10.55	-306.88
10.55	-304.50
10.56	-302.96
10.56	-303.59
10.56	-305.76
10.57	-308.21
10.57	-304.50
10.58	-299.67
10.58	-300.09
10.58	-299.32
10.59	-299.25
10.59	-298.97
10.59	-297.78
10.60	-295.47
10.60	-288.26
10.61	-286.02
10.61	-282.52
10.61	-279.65
10.62	-281.40
10.62	-277.62
10.62	-271.95
10.63	-272.79
10.63	-273.70
10.64	-276.57
10.64	-274.68
10.64	-267.12
10.65	-262.36
10.65	-261.17
10.66	-262.71
10.66	-264.95
10.66	-266.98
10.67	-267.54
10.67	-266.49
10.67	-266.56
10.68	-262.22
10.68	-261.31
10.69	-261.73
10.69	-263.62
10.69	-256.76
10.70	-260.68
10.70	-265.30
10.70	-262.08
10.71	-264.53
10.71	-266.28
10.72	-261.80
10.72	-263.76
10.72	-264.95
10.73	-266.56
10.73	-266.35
10.73	-269.29
10.74	-271.18
10.74	-269.29
10.75	-269.50
10.75	-251.16
10.75	-268.59
10.76	-270.27
10.76	-274.89
10.76	-273.28
10.77	-275.17
10.77	-276.92
10.78	-273.21
10.78	-270.13
10.78	-271.11
10.79	-273.42
10.79	-275.31
10.79	-277.69
10.80	-278.81
10.80	-276.43
10.81	-280.84
10.81	-280.70
10.81	-276.22
10.82	-276.50
10.82	-279.16
10.82	-280.84
10.83	-286.02
10.83	-291.90
10.84	-291.90
10.84	-296.80
10.84	-300.58
10.85	-297.57
10.85	-302.75
10.86	-306.32
10.86	-307.51
10.86	-313.39
10.87	-317.45
10.87	-312.69
10.87	-315.35
10.88	-309.26
10.88	-306.04
10.89	-306.53
10.89	-308.56
10.89	-307.86
10.90	-309.33
10.90	-306.95
10.90	-304.36
10.91	-303.17
10.91	-306.18
10.92	-305.83
10.92	-299.88
10.92	-301.07
10.93	-298.48
10.93	-287.07
10.93	-290.43
10.94	-290.22
10.94	-291.90
10.95	-296.24
10.95	-298.90
10.95	-302.19
10.96	-296.17
10.96	-287.98
10.96	-286.02
10.97	-283.57
10.97	-286.79
10.98	-290.36
10.98	-289.24
10.98	-289.17
10.99	-293.58
10.99	-294.07
10.99	-287.63
11.00	-282.52
11.00	-281.05
11.01	-279.58
11.01	-285.32
11.01	-282.38
11.02	-280.35
11.02	-280.28
11.03	-281.89
11.03	-284.27
11.03	-281.05
11.04	-275.73
11.04	-273.98
11.04	-273.21
11.05	-273.21
11.05	-274.26
11.06	-273.56
11.06	-269.08
11.06	-270.55
11.07	-272.58
11.07	-270.34
11.07	-267.89
11.08	-266.35
11.08	-263.62
11.09	-261.17
11.09	-265.09
11.09	-267.75
11.10	-264.39
11.10	-265.44
11.10	-267.12
11.11	-261.94
11.11	-261.10
11.12	-265.51
11.12	-265.86
11.12	-261.94
11.13	-266.00
11.13	-270.20
11.13	-270.41
11.14	-274.26
11.14	-278.11
11.15	-273.42
11.15	-269.99
11.15	-273.70
11.16	-269.57
11.16	-270.55
11.16	-273.56
11.17	-274.96
11.17	-275.73
11.18	-282.24
11.18	-277.97
11.18	-277.48
11.19	-279.16
11.19	-281.05
11.19	-280.49
11.20	-279.93
11.20	-279.16
11.21	-278.25
11.21	-281.47
11.21	-285.25
11.22	-286.37
11.22	-285.18
11.23	-285.25
11.23	-287.35
11.23	-289.17
11.24	-288.12
11.24	-292.25
11.24	-294.35
11.25	-294.21
11.25	-296.45
11.26	-292.88
11.26	-288.47
11.26	-296.52
11.27	-297.85
11.27	-294.98
11.27	-296.24
11.28	-296.03
11.28	-297.57
11.29	-295.19
11.29	-294.35
11.29	-295.82
11.30	-291.62
11.30	-290.43
11.30	-293.65
11.31	-295.96
11.31	-295.89
11.32	-293.51
11.32	-288.40
11.32	-283.22
11.33	-284.90
11.33	-283.64
11.33	-283.01
11.34	-286.93
11.34	-290.64
11.35	-287.35
11.35	-285.18
11.35	-286.86
11.36	-286.02
11.36	-283.29
11.36	-288.68
11.37	-287.28
11.37	-290.01
11.38	-293.30
11.38	-289.03
11.38	-284.83
11.39	-285.04
11.39	-279.93
11.40	-275.80
11.40	-271.74
11.40	-274.26
11.41	-275.59
11.41	-277.83
11.41	-276.15
11.42	-270.48
11.42	-265.16
11.43	-265.37
11.43	-268.45
11.43	-265.72
11.44	-257.67
11.44	-260.89
11.44	-264.46
11.45	-257.53
11.45	-253.89
11.46	-256.97
11.46	-257.46
